1 7 0 0.691061
1 7 1 0.691061
1 7 2 0.691061
1 7 3 0.691061
1 7 4 0.691061
1 7 5 0.691061
1 7 6 0.691061
1 7 7 0.691061
1 7 8 0.691061
1 7 9 0.748863
1 7 10 0.481538
1 7 11 0.691061
1 7 12 0.691061
1 7 13 0.691061
1 7 14 0.691061
1 7 15 0.691061
1 7 16 0.691061
1 7 17 -0.382954
1 7 18 0.344405
1 7 19 3.83281
1 7 20 1.11645
1 7 21 3.59455
1 7 22 0.744764
1 7 23 0.691061
1 7 24 0.691061
1 7 25 4.15
1 7 26 0.744905
1 7 27 0.691061
1 7 28 0.691061
1 7 29 0.691061
1 7 30 0.691061
1 7 31 0.691061
1 7 32 0.691061
1 7 33 0.691061
1 7 34 -0.160769
1 7 35 0.691061
1 7 36 0.808284
1 7 37 -0.522283
1 7 38 -0.075
1 7 39 0.691061
1 7 40 0.691061
1 7 41 1.06472
1 7 42 -0.0366728
1 7 43 0.166666
1 7 44 1.95
1 7 45 0.769863
1 7 46 0.691061
1 7 47 0.691061
1 7 48 0.691061
1 7 49 0.454285
1 7 50 0.00913189
1 7 51 4.07407
1 7 52 1.45
1 7 53 2.59519
1 7 54 1.1813
1 7 55 0.691061
1 7 56 0.691061
1 7 57 0.691061
1 7 58 0.691061
1 7 59 0.691061
1 7 60 0.691061
1 7 61 0.691061
1 7 62 0.691061
1 7 63 0.691061
1 7 64 0.691061
1 7 65 0.691061
1 7 66 0.691061
1 7 67 0.691061
1 7 68 0.691061
1 7 69 0.691061
1 7 70 0.691061
1 7 71 0.691061
1 7 72 0.691061
1 7 73 0.878261
1 7 74 0.0867096
1 7 75 0.691061
1 7 76 0.691061
1 7 77 0.691061
1 7 78 0.691061
1 7 79 0.691061
1 7 80 0.691061
1 7 81 2.94
1 7 82 0.375656
1 7 83 0.292045
1 7 84 -0.211487
1 7 85 1.01591
1 7 86 0.483125
1 7 87 0.691061
1 7 88 0.691061
1 7 89 0.691061
1 7 90 -0.219388
1 7 91 0.691061
1 7 92 0.691061
1 7 93 0.691061
1 7 94 0.691061
1 7 95 0.691061
1 7 96 0.691061
1 7 97 0.691061
1 7 98 0.691061
1 7 99 0.691061
1 7 100 0.691061
1 7 101 0.691061
1 7 102 0.691061
1 7 103 0.691061
1 7 104 0.691061
1 7 105 0.691061
1 7 106 -0.24939
1 7 107 0.691061
1 7 108 0.691061
1 7 109 0.691061
1 7 110 0.691061
1 7 111 0.691061
1 7 112 0.691061
1 7 113 0.691061
1 7 114 0.691061
1 7 115 0.691061
1 7 116 0.691061
1 7 117 0.691061
1 7 118 0.691061
1 7 119 0.691061
1 7 120 0.691061
1 7 121 0.691061
1 7 122 0.691061
1 7 123 0.691061
1 7 124 0.691061
1 7 125 0.691061
1 7 126 0.691061
1 7 127 0.691061
2 6 0 0.897682
2 6 1 0.897682
2 6 2 1.77451
2 6 3 0.897682
2 6 4 0.963406
2 6 5 -1.00455
2 6 6 2.94043
2 6 7 0.897682
2 6 8 3.4375
2 6 9 1.07076
2 6 10 1.22459
2 6 11 1.82778
2 6 12 0.8875
2 6 13 0.521711
2 6 14 0.834
2 6 15 0.897682
2 6 16 0.897682
2 6 17 2.84603
2 6 18 0.973876
2 6 19 -0.952459
2 6 20 0.409673
2 6 21 -0.162343
2 6 22 -0.0935451
2 6 23 0.897682
2 6 24 0.897682
2 6 25 0.462879
2 6 26 -0.3921
2 6 27 0.885714
2 6 28 0.897682
2 6 29 0.897682
2 6 30 0.897682
2 6 31 0.897682
2 6 32 0.897682
2 6 33 0.897682
2 6 34 3.30841
2 6 35 0.897682
2 6 36 0.507258
2 6 37 1.76765
2 6 38 2.45805
2 6 39 0.897682
2 6 40 -1.46324
2 6 41 1.2249
2 6 42 1.53272
2 6 43 3.01822
2 6 44 0.215625
2 6 45 0.763219
2 6 46 0.897682
2 6 47 0.897682
2 6 48 0.897682
2 6 49 0.897682
2 6 50 2.6552
2 6 51 0.897682
2 6 52 2.575
2 6 53 1.44538
2 6 54 1.0589
2 6 55 0.897682
2 6 56 0.897682
2 6 57 0.897682
2 6 58 -0.657576
2 6 59 0.897682
2 6 60 0.897682
2 6 61 0.897682
2 6 62 0.897682
2 6 63 0.897682
2 7 0 1.71198
2 7 1 1.71198
2 7 2 1.71198
2 7 3 1.71198
2 7 4 1.71198
2 7 5 1.71198
2 7 6 1.71198
2 7 7 1.71198
2 7 8 1.71198
2 7 9 1.3725
2 7 10 2.21364
2 7 11 1.71198
2 7 12 1.71198
2 7 13 1.71198
2 7 14 1.71198
2 7 15 1.71198
2 7 16 1.71198
2 7 17 1.84186
2 7 18 2.55157
2 7 19 3.31406
2 7 20 1.77308
2 7 21 -0.250476
2 7 22 -0.058421
2 7 23 1.71198
2 7 24 1.71198
2 7 25 2.1566
2 7 26 0.333942
2 7 27 1.71198
2 7 28 1.71198
2 7 29 1.71198
2 7 30 1.71198
2 7 31 1.71198
2 7 32 1.71198
2 7 33 1.71198
2 7 34 2.6479
2 7 35 1.71198
2 7 36 3.17011
2 7 37 0.878846
2 7 38 2.74936
2 7 39 1.71198
2 7 40 2.58667
2 7 41 1.43449
2 7 42 2.1344
2 7 43 0.894899
2 7 44 2.664
2 7 45 0.808571
2 7 46 1.71198
2 7 47 1.71198
2 7 48 1.71198
2 7 49 0.493749
2 7 50 2.25324
2 7 51 0.496774
2 7 52 0.351429
2 7 53 2.19009
2 7 54 2.41938
2 7 55 1.71198
2 7 56 1.71198
2 7 57 1.71198
2 7 58 1.71198
2 7 59 1.71198
2 7 60 1.71198
2 7 61 1.71198
2 7 62 1.71198
2 7 63 1.71198
2 7 64 1.71198
2 7 65 1.71198
2 7 66 1.71198
2 7 67 1.71198
2 7 68 1.71198
2 7 69 1.71198
2 7 70 1.71198
2 7 71 1.71198
2 7 72 1.71198
2 7 73 0.92561
2 7 74 2.3359
2 7 75 1.71198
2 7 76 1.71198
2 7 77 1.71198
2 7 78 1.71198
2 7 79 1.71198
2 7 80 1.71198
2 7 81 3.035
2 7 82 1.33341
2 7 83 1.93649
2 7 84 -0.695294
2 7 85 0.593949
2 7 86 0.517901
2 7 87 1.71198
2 7 88 1.71198
2 7 89 1.71198
2 7 90 0.777326
2 7 91 1.71198
2 7 92 1.71198
2 7 93 1.71198
2 7 94 1.71198
2 7 95 1.71198
2 7 96 1.71198
2 7 97 1.71198
2 7 98 1.71198
2 7 99 1.71198
2 7 100 1.71198
2 7 101 1.71198
2 7 102 1.71198
2 7 103 1.71198
2 7 104 1.71198
2 7 105 1.71198
2 7 106 2.54747
2 7 107 1.71198
2 7 108 1.71198
2 7 109 1.71198
2 7 110 1.71198
2 7 111 1.71198
2 7 112 1.71198
2 7 113 1.71198
2 7 114 1.71198
2 7 115 1.71198
2 7 116 1.71198
2 7 117 1.71198
2 7 118 1.71198
2 7 119 1.71198
2 7 120 1.71198
2 7 121 1.71198
2 7 122 1.71198
2 7 123 1.71198
2 7 124 1.71198
2 7 125 1.71198
2 7 126 1.71198
2 7 127 1.71198
3 5 0 3.09667
3 5 1 1.00521
3 5 2 1.16169
3 5 3 -0.285714
3 5 4 0.541167
3 5 5 -0.249475
3 5 6 0.386124
3 5 7 0.0110068
3 5 8 0.286232
3 5 9 -0.0925604
3 5 10 -0.719378
3 5 11 -1.21727
3 5 12 -0.792525
3 5 13 -0.287409
3 5 14 0.20951
3 5 15 0.0110068
3 5 16 -0.160811
3 5 17 1.03913
3 5 18 1.15337
3 5 19 0.96859
3 5 20 -0.034462
3 5 21 0.339132
3 5 22 0.382242
3 5 23 2.49074
3 5 24 0.275
3 5 25 0.460481
3 5 26 -0.228585
3 5 27 0.149107
3 5 28 -2.53553
3 5 29 -0.875281
3 5 30 1.58242
3 5 31 0.0110068
3 6 0 1.12541
3 6 1 1.12541
3 6 2 2.37177
3 6 3 1.12541
3 6 4 1.57692
3 6 5 3.41
3 6 6 1.7627
3 6 7 1.12541
3 6 8 -1.0775
3 6 9 0.497716
3 6 10 1.26551
3 6 11 1.49231
3 6 12 -0.239286
3 6 13 3.02791
3 6 14 0.570714
3 6 15 1.12541
3 6 16 1.12541
3 6 17 0.435714
3 6 18 2.17864
3 6 19 3.4175
3 6 20 1.19159
3 6 21 1.56843
3 6 22 1.30393
3 6 23 1.12541
3 6 24 1.12541
3 6 25 0.469136
3 6 26 0.960828
3 6 27 1.14196
3 6 28 1.12541
3 6 29 1.12541
3 6 30 -0.689655
3 6 31 1.12541
3 6 32 1.12541
3 6 33 1.12541
3 6 34 0.621053
3 6 35 1.12541
3 6 36 -0.587162
3 6 37 -0.478571
3 6 38 0.92449
3 6 39 1.12541
3 6 40 1.12541
3 6 41 0.47285
3 6 42 -0.267633
3 6 43 0.278972
3 6 44 -1.3959
3 6 45 -0.42375
3 6 46 1.12541
3 6 47 1.12541
3 6 48 1.12541
3 6 49 1.12541
3 6 50 1.41786
3 6 51 1.12541
3 6 52 2.12162
3 6 53 -1.17909
3 6 54 1.01885
3 6 55 1.12541
3 6 56 1.12541
3 6 57 1.12541
3 6 58 0.9375
3 6 59 1.12541
3 6 60 1.12541
3 6 61 1.12541
3 6 62 1.12541
3 6 63 1.12541
3 7 0 1.38156
3 7 1 1.38156
3 7 2 1.38156
3 7 3 1.38156
3 7 4 1.38156
3 7 5 1.38156
3 7 6 1.38156
3 7 7 1.38156
3 7 8 1.38156
3 7 9 1.5025
3 7 10 2.0125
3 7 11 1.38156
3 7 12 1.38156
3 7 13 1.38156
3 7 14 1.38156
3 7 15 1.38156
3 7 16 1.38156
3 7 17 5.45488
3 7 18 2.68449
3 7 19 -0.707812
3 7 20 1.38793
3 7 21 -0.24381
3 7 22 1.11219
3 7 23 1.38156
3 7 24 1.38156
3 7 25 3.34896
3 7 26 0.0248319
3 7 27 1.38156
3 7 28 1.38156
3 7 29 1.38156
3 7 30 1.38156
3 7 31 1.38156
3 7 32 1.38156
3 7 33 1.38156
3 7 34 0.945152
3 7 35 1.38156
3 7 36 1.61238
3 7 37 0.929255
3 7 38 1.39805
3 7 39 1.38156
3 7 40 1.38156
3 7 41 0.427587
3 7 42 1.24174
3 7 43 -1.325
3 7 44 -0.368868
3 7 45 0.196053
3 7 46 1.38156
3 7 47 1.38156
3 7 48 1.38156
3 7 49 0.525862
3 7 50 1.81207
3 7 51 0.172727
3 7 52 2.21235
3 7 53 1.09591
3 7 54 2.37653
3 7 55 1.38156
3 7 56 1.38156
3 7 57 1.38156
3 7 58 -0.146
3 7 59 1.38156
3 7 60 1.38156
3 7 61 1.38156
3 7 62 1.38156
3 7 63 1.38156
3 7 64 1.38156
3 7 65 1.38156
3 7 66 1.38156
3 7 67 1.38156
3 7 68 1.38156
3 7 69 1.38156
3 7 70 1.38156
3 7 71 1.38156
3 7 72 1.38156
3 7 73 0.972341
3 7 74 2.67772
3 7 75 1.38156
3 7 76 1.38156
3 7 77 1.38156
3 7 78 1.38156
3 7 79 1.38156
3 7 80 1.38156
3 7 81 2.26795
3 7 82 2.45531
3 7 83 1.77692
3 7 84 2.39046
3 7 85 0.668471
3 7 86 1.87692
3 7 87 1.38156
3 7 88 1.38156
3 7 89 1.64038
3 7 90 0.547449
3 7 91 1.38156
3 7 92 1.38156
3 7 93 1.38156
3 7 94 1.38156
3 7 95 1.38156
3 7 96 1.38156
3 7 97 1.38156
3 7 98 1.38156
3 7 99 1.38156
3 7 100 1.38156
3 7 101 1.38156
3 7 102 1.38156
3 7 103 1.38156
3 7 104 1.38156
3 7 105 1.38156
3 7 106 -0.831818
3 7 107 1.38156
3 7 108 1.38156
3 7 109 1.38156
3 7 110 1.38156
3 7 111 1.38156
3 7 112 1.38156
3 7 113 1.38156
3 7 114 1.38156
3 7 115 1.38156
3 7 116 1.38156
3 7 117 1.38156
3 7 118 1.38156
3 7 119 1.38156
3 7 120 1.38156
3 7 121 1.38156
3 7 122 1.38156
3 7 123 1.38156
3 7 124 1.38156
3 7 125 1.38156
3 7 126 1.38156
3 7 127 1.38156
4 4 0 1.7296
4 4 1 0.0117126
4 4 2 0.977136
4 4 3 -0.472749
4 4 4 -0.451806
4 4 5 -1.54008
4 4 6 -1.03401
4 4 7 -0.915942
4 4 8 2.28086
4 4 9 1.0308
4 4 10 0.136956
4 4 11 0.375627
4 4 12 0.33553
4 4 13 -0.976513
4 4 14 -1.00129
4 4 15 0.0259851
4 5 0 0.860086
4 5 1 0.541667
4 5 2 2.49743
4 5 3 -0.0554054
4 5 4 0.939227
4 5 5 -0.766525
4 5 6 0.339386
4 5 7 0.860086
4 5 8 1.862
4 5 9 1.23636
4 5 10 0.954396
4 5 11 2.28146
4 5 12 0.146087
4 5 13 0.116232
4 5 14 0.200248
4 5 15 0.860086
4 5 16 2.32442
4 5 17 2.6373
4 5 18 1.58179
4 5 19 -0.910714
4 5 20 -0.770766
4 5 21 -0.383569
4 5 22 -0.465008
4 5 23 -4.292
4 5 24 0.860086
4 5 25 1.34113
4 5 26 1.25766
4 5 27 1.63981
4 5 28 0.860086
4 5 29 0.452632
4 5 30 0.39759
4 5 31 0.860086
4 6 0 1.33145
4 6 1 1.33145
4 6 2 1.72778
4 6 3 1.33145
4 6 4 2.74779
4 6 5 1.33145
4 6 6 2.716
4 6 7 1.33145
4 6 8 1.33145
4 6 9 3.21667
4 6 10 2.80472
4 6 11 1.33145
4 6 12 1.22935
4 6 13 1.33145
4 6 14 3.65588
4 6 15 1.33145
4 6 16 1.33145
4 6 17 1.33145
4 6 18 1.99437
4 6 19 0.19625
4 6 20 0.717592
4 6 21 -1.08679
4 6 22 0.466087
4 6 23 1.33145
4 6 24 1.33145
4 6 25 0.463924
4 6 26 0.853112
4 6 27 1.33145
4 6 28 1.33145
4 6 29 1.33145
4 6 30 1.33145
4 6 31 1.33145
4 6 32 1.33145
4 6 33 1.33145
4 6 34 3.56275
4 6 35 1.33145
4 6 36 1.38333
4 6 37 1.33145
4 6 38 2.86023
4 6 39 1.33145
4 6 40 1.33145
4 6 41 -1.61205
4 6 42 0.341107
4 6 43 0.256849
4 6 44 1.33145
4 6 45 3.79028
4 6 46 1.33145
4 6 47 1.33145
4 6 48 1.33145
4 6 49 1.33145
4 6 50 1.19245
4 6 51 1.33145
4 6 52 1.33145
4 6 53 -0.514474
4 6 54 -1.23676
4 6 55 1.33145
4 6 56 1.33145
4 6 57 1.33145
4 6 58 1.33145
4 6 59 1.33145
4 6 60 1.33145
4 6 61 1.33145
4 6 62 1.33145
4 6 63 1.33145
4 7 0 0.860027
4 7 1 0.860027
4 7 2 0.860027
4 7 3 0.860027
4 7 4 0.860027
4 7 5 0.860027
4 7 6 0.860027
4 7 7 0.860027
4 7 8 0.860027
4 7 9 0.860027
4 7 10 0.0945946
4 7 11 0.860027
4 7 12 0.860027
4 7 13 0.860027
4 7 14 0.860027
4 7 15 0.860027
4 7 16 0.860027
4 7 17 0.860027
4 7 18 1.85915
4 7 19 0.860027
4 7 20 -0.419827
4 7 21 1.11066
4 7 22 -0.422124
4 7 23 0.860027
4 7 24 0.860027
4 7 25 0.860027
4 7 26 0.303659
4 7 27 0.860027
4 7 28 0.860027
4 7 29 0.860027
4 7 30 0.860027
4 7 31 0.860027
4 7 32 0.860027
4 7 33 0.860027
4 7 34 3.10864
4 7 35 0.860027
4 7 36 1.70841
4 7 37 1.16795
4 7 38 0.723214
4 7 39 0.860027
4 7 40 0.860027
4 7 41 0.8975
4 7 42 -0.185193
4 7 43 0.860027
4 7 44 1.10221
4 7 45 2.45357
4 7 46 0.860027
4 7 47 0.860027
4 7 48 0.860027
4 7 49 0.860027
4 7 50 1.75
4 7 51 0.860027
4 7 52 0.860027
4 7 53 0.610714
4 7 54 -0.149334
4 7 55 0.860027
4 7 56 0.860027
4 7 57 0.860027
4 7 58 0.860027
4 7 59 0.860027
4 7 60 0.860027
4 7 61 0.860027
4 7 62 0.860027
4 7 63 0.860027
4 7 64 0.860027
4 7 65 0.860027
4 7 66 0.860027
4 7 67 0.860027
4 7 68 0.860027
4 7 69 0.860027
4 7 70 0.860027
4 7 71 0.860027
4 7 72 0.860027
4 7 73 0.860027
4 7 74 3.53553
4 7 75 0.860027
4 7 76 0.860027
4 7 77 0.860027
4 7 78 0.860027
4 7 79 0.860027
4 7 80 0.860027
4 7 81 0.860027
4 7 82 -0.128082
4 7 83 0.860027
4 7 84 -1.54815
4 7 85 -0.405172
4 7 86 -0.903061
4 7 87 0.860027
4 7 88 0.860027
4 7 89 0.860027
4 7 90 0.659091
4 7 91 0.860027
4 7 92 0.860027
4 7 93 0.860027
4 7 94 0.860027
4 7 95 0.860027
4 7 96 0.860027
4 7 97 0.860027
4 7 98 0.860027
4 7 99 0.860027
4 7 100 0.860027
4 7 101 0.860027
4 7 102 0.860027
4 7 103 0.860027
4 7 104 0.860027
4 7 105 0.860027
4 7 106 -0.061538
4 7 107 0.860027
4 7 108 0.860027
4 7 109 0.860027
4 7 110 0.860027
4 7 111 0.860027
4 7 112 0.860027
4 7 113 0.860027
4 7 114 0.860027
4 7 115 0.860027
4 7 116 0.860027
4 7 117 0.860027
4 7 118 0.860027
4 7 119 0.860027
4 7 120 0.860027
4 7 121 0.860027
4 7 122 0.860027
4 7 123 0.860027
4 7 124 0.860027
4 7 125 0.860027
4 7 126 0.860027
4 7 127 0.860027
5 3 0 3.40971
5 3 1 -0.0496922
5 3 2 -0.643445
5 3 3 -2.02229
5 3 4 1.45284
5 3 5 -0.179471
5 3 6 -0.513012
5 3 7 -0.293981
5 4 0 4.26992
5 4 1 2.87357
5 4 2 0.850907
5 4 3 -0.260209
5 4 4 3.0776
5 4 5 0.658448
5 4 6 0.519212
5 4 7 -2.22464
5 4 8 1.92143
5 4 9 1.99959
5 4 10 -1.05089
5 4 11 -1.90199
5 4 12 2.31892
5 4 13 0.970443
5 4 14 -0.714845
5 4 15 0.634238
5 5 0 0.882649
5 5 1 4.45862
5 5 2 2.15482
5 5 3 3.01892
5 5 4 3.11479
5 5 5 1.70831
5 5 6 1.39309
5 5 7 0.882649
5 5 8 1.86903
5 5 9 1.16202
5 5 10 -0.298062
5 5 11 -0.438384
5 5 12 1.64586
5 5 13 1.328
5 5 14 1.47037
5 5 15 0.882649
5 5 16 3.75488
5 5 17 2.25862
5 5 18 0.772567
5 5 19 -0.351191
5 5 20 1.49103
5 5 21 1.11593
5 5 22 0.985472
5 5 23 0.882649
5 5 24 0.882649
5 5 25 0.643478
5 5 26 -0.811862
5 5 27 0.815686
5 5 28 0.882649
5 5 29 0.7375
5 5 30 0.929114
5 5 31 0.882649
5 6 0 0.762427
5 6 1 0.762427
5 6 2 -2.81296
5 6 3 0.762427
5 6 4 4.12031
5 6 5 0.762427
5 6 6 0.762427
5 6 7 0.762427
5 6 8 0.762427
5 6 9 3.84864
5 6 10 0.18254
5 6 11 0.762427
5 6 12 1.69432
5 6 13 0.762427
5 6 14 -0.465151
5 6 15 0.762427
5 6 16 0.762427
5 6 17 0.762427
5 6 18 1.04838
5 6 19 2.03974
5 6 20 2.00759
5 6 21 1.47316
5 6 22 1.16226
5 6 23 0.762427
5 6 24 0.762427
5 6 25 -0.748701
5 6 26 -0.66278
5 6 27 0.762427
5 6 28 0.762427
5 6 29 0.762427
5 6 30 0.762427
5 6 31 0.762427
5 6 32 0.762427
5 6 33 0.762427
5 6 34 -0.319149
5 6 35 0.762427
5 6 36 -2.12241
5 6 37 0.762427
5 6 38 2.64231
5 6 39 0.762427
5 6 40 0.762427
5 6 41 2.39321
5 6 42 -0.629783
5 6 43 -0.921528
5 6 44 0.762427
5 6 45 -0.252857
5 6 46 0.762427
5 6 47 0.762427
5 6 48 0.762427
5 6 49 0.762427
5 6 50 1.27129
5 6 51 0.762427
5 6 52 0.762427
5 6 53 2.77361
5 6 54 -0.846391
5 6 55 0.762427
5 6 56 0.762427
5 6 57 0.762427
5 6 58 0.762427
5 6 59 0.762427
5 6 60 0.762427
5 6 61 0.762427
5 6 62 0.762427
5 6 63 0.762427
5 7 0 1.25141
5 7 1 1.25141
5 7 2 1.25141
5 7 3 1.25141
5 7 4 1.25141
5 7 5 1.25141
5 7 6 1.25141
5 7 7 1.25141
5 7 8 1.25141
5 7 9 2.70898
5 7 10 -0.486207
5 7 11 1.25141
5 7 12 1.25141
5 7 13 1.25141
5 7 14 1.25141
5 7 15 1.25141
5 7 16 1.25141
5 7 17 1.42125
5 7 18 1.06749
5 7 19 3.03529
5 7 20 0.768803
5 7 21 2.11786
5 7 22 1.30667
5 7 23 1.25141
5 7 24 1.25141
5 7 25 3.84783
5 7 26 1.13893
5 7 27 1.25141
5 7 28 1.25141
5 7 29 1.25141
5 7 30 1.25141
5 7 31 1.25141
5 7 32 1.25141
5 7 33 1.25141
5 7 34 0.870548
5 7 35 1.25141
5 7 36 2.25661
5 7 37 2.91207
5 7 38 1.99725
5 7 39 1.25141
5 7 40 1.25141
5 7 41 1.08965
5 7 42 0.561494
5 7 43 -3.15472
5 7 44 1.85033
5 7 45 0.691875
5 7 46 1.25141
5 7 47 1.25141
5 7 48 1.25141
5 7 49 1.85366
5 7 50 2.07119
5 7 51 0.0916669
5 7 52 0.123846
5 7 53 1.05648
5 7 54 3.38934
5 7 55 1.25141
5 7 56 1.25141
5 7 57 1.25141
5 7 58 1.25141
5 7 59 1.25141
5 7 60 1.25141
5 7 61 1.25141
5 7 62 1.25141
5 7 63 1.25141
5 7 64 1.25141
5 7 65 1.25141
5 7 66 1.25141
5 7 67 1.25141
5 7 68 1.25141
5 7 69 1.25141
5 7 70 1.25141
5 7 71 1.25141
5 7 72 1.25141
5 7 73 1.10465
5 7 74 0.226712
5 7 75 1.25141
5 7 76 1.25141
5 7 77 1.25141
5 7 78 1.25141
5 7 79 1.25141
5 7 80 1.25141
5 7 81 3.33243
5 7 82 0.176484
5 7 83 3.72895
5 7 84 3.43015
5 7 85 1.33125
5 7 86 1.01883
5 7 87 1.25141
5 7 88 1.25141
5 7 89 -1.46538
5 7 90 -1.7753
5 7 91 1.25141
5 7 92 1.25141
5 7 93 1.25141
5 7 94 1.25141
5 7 95 1.25141
5 7 96 1.25141
5 7 97 1.25141
5 7 98 1.25141
5 7 99 1.25141
5 7 100 1.25141
5 7 101 1.25141
5 7 102 1.25141
5 7 103 1.25141
5 7 104 1.25141
5 7 105 1.25141
5 7 106 -0.777922
5 7 107 1.25141
5 7 108 1.25141
5 7 109 1.25141
5 7 110 1.25141
5 7 111 1.25141
5 7 112 1.25141
5 7 113 1.25141
5 7 114 1.25141
5 7 115 1.25141
5 7 116 1.25141
5 7 117 1.25141
5 7 118 1.25141
5 7 119 1.25141
5 7 120 1.25141
5 7 121 1.25141
5 7 122 1.25141
5 7 123 1.25141
5 7 124 1.25141
5 7 125 1.25141
5 7 126 1.25141
5 7 127 1.25141
6 2 0 1.71536
6 2 1 -3.37287
6 2 2 0.217513
6 2 3 -0.320983
6 3 0 5.2712
6 3 1 -0.437025
6 3 2 2.06547
6 3 3 -0.186258
6 3 4 -0.340424
6 3 5 -1.54029
6 3 6 1.13251
6 3 7 1.22136
6 4 0 3.17479
6 4 1 1.33851
6 4 2 2.63269
6 4 3 -0.405587
6 4 4 0.715388
6 4 5 -1.61853
6 4 6 0.209709
6 4 7 0.288806
6 4 8 2.47509
6 4 9 0.737096
6 4 10 1.01427
6 4 11 0.981104
6 4 12 -0.658581
6 4 13 -1.42665
6 4 14 0.100108
6 4 15 1.08166
6 5 0 0.554022
6 5 1 -0.0732143
6 5 2 2.76762
6 5 3 0.294445
6 5 4 1.06356
6 5 5 -1.84553
6 5 6 0.1503
6 5 7 0.554022
6 5 8 1.7243
6 5 9 0.844342
6 5 10 0.609411
6 5 11 -0.704278
6 5 12 1.42157
6 5 13 -1.28833
6 5 14 0.210811
6 5 15 0.554022
6 5 16 0.611842
6 5 17 3.20943
6 5 18 1.05042
6 5 19 2.79512
6 5 20 -0.372456
6 5 21 -1.01965
6 5 22 -0.81903
6 5 23 0.554022
6 5 24 0.554022
6 5 25 0.361792
6 5 26 0.623036
6 5 27 1.67308
6 5 28 0.554022
6 5 29 -2.08868
6 5 30 -0.123718
6 5 31 0.554022
6 6 0 1.24477
6 6 1 1.24477
6 6 2 3.24524
6 6 3 1.24477
6 6 4 0.870357
6 6 5 0.730645
6 6 6 -0.653289
6 6 7 1.24477
6 6 8 -0.112162
6 6 9 1.17832
6 6 10 1.91829
6 6 11 1.84571
6 6 12 1.48837
6 6 13 0.0039216
6 6 14 2.62705
6 6 15 1.24477
6 6 16 1.24477
6 6 17 2.29085
6 6 18 1.5898
6 6 19 1.88881
6 6 20 0.821696
6 6 21 -0.0898413
6 6 22 0.830788
6 6 23 1.24477
6 6 24 1.24477
6 6 25 2.32896
6 6 26 1.59355
6 6 27 1.17542
6 6 28 1.24477
6 6 29 1.24477
6 6 30 3.842
6 6 31 1.24477
6 6 32 1.24477
6 6 33 1.24477
6 6 34 3.43677
6 6 35 1.24477
6 6 36 2.25444
6 6 37 -1.53
6 6 38 1.86084
6 6 39 1.24477
6 6 40 1.24477
6 6 41 0.103409
6 6 42 0.254721
6 6 43 1.73302
6 6 44 -1.25526
6 6 45 0.0119999
6 6 46 1.24477
6 6 47 1.24477
6 6 48 1.24477
6 6 49 1.24477
6 6 50 1.66199
6 6 51 1.24477
6 6 52 1.24477
6 6 53 0.582
6 6 54 0.337857
6 6 55 1.24477
6 6 56 1.24477
6 6 57 1.24477
6 6 58 4.99062
6 6 59 1.24477
6 6 60 1.24477
6 6 61 1.24477
6 6 62 1.24477
6 6 63 1.24477
6 7 0 1.30345
6 7 1 1.30345
6 7 2 1.30345
6 7 3 1.30345
6 7 4 1.30345
6 7 5 1.30345
6 7 6 1.30345
6 7 7 1.30345
6 7 8 1.30345
6 7 9 1.68804
6 7 10 -0.375
6 7 11 1.30345
6 7 12 1.30345
6 7 13 1.30345
6 7 14 1.30345
6 7 15 1.30345
6 7 16 1.30345
6 7 17 0.715476
6 7 18 2.02451
6 7 19 1.30606
6 7 20 1.44679
6 7 21 0.118367
6 7 22 1.38417
6 7 23 1.30345
6 7 24 1.30345
6 7 25 3.15952
6 7 26 2.13808
6 7 27 1.30345
6 7 28 1.30345
6 7 29 1.30345
6 7 30 1.30345
6 7 31 1.30345
6 7 32 1.30345
6 7 33 1.30345
6 7 34 2.41814
6 7 35 1.30345
6 7 36 0.55487
6 7 37 1.05476
6 7 38 1.35714
6 7 39 1.30345
6 7 40 1.30345
6 7 41 2.6609
6 7 42 1.08035
6 7 43 1.76333
6 7 44 2.15673
6 7 45 -1.76691
6 7 46 1.30345
6 7 47 1.30345
6 7 48 1.30345
6 7 49 0.362069
6 7 50 3.36349
6 7 51 2.95937
6 7 52 -1.98372
6 7 53 1.03485
6 7 54 0.476293
6 7 55 1.30345
6 7 56 1.30345
6 7 57 1.30345
6 7 58 1.30345
6 7 59 1.30345
6 7 60 1.30345
6 7 61 1.30345
6 7 62 1.30345
6 7 63 1.30345
6 7 64 1.30345
6 7 65 1.30345
6 7 66 1.30345
6 7 67 1.30345
6 7 68 1.30345
6 7 69 1.30345
6 7 70 1.30345
6 7 71 1.30345
6 7 72 1.30345
6 7 73 1.90769
6 7 74 1.26437
6 7 75 1.30345
6 7 76 1.30345
6 7 77 1.30345
6 7 78 1.30345
6 7 79 1.30345
6 7 80 1.30345
6 7 81 -0.618605
6 7 82 0.574159
6 7 83 2.38235
6 7 84 0.357432
6 7 85 0.480132
6 7 86 0.657334
6 7 87 1.30345
6 7 88 1.30345
6 7 89 1.30345
6 7 90 0.603297
6 7 91 1.30345
6 7 92 1.30345
6 7 93 1.30345
6 7 94 1.30345
6 7 95 1.30345
6 7 96 1.30345
6 7 97 1.30345
6 7 98 1.30345
6 7 99 1.30345
6 7 100 1.30345
6 7 101 1.30345
6 7 102 1.30345
6 7 103 1.30345
6 7 104 1.30345
6 7 105 1.30345
6 7 106 0.842
6 7 107 1.30345
6 7 108 1.30345
6 7 109 1.30345
6 7 110 1.30345
6 7 111 1.30345
6 7 112 1.30345
6 7 113 1.30345
6 7 114 1.30345
6 7 115 1.30345
6 7 116 1.30345
6 7 117 1.30345
6 7 118 1.30345
6 7 119 1.30345
6 7 120 1.30345
6 7 121 1.30345
6 7 122 1.30345
6 7 123 1.30345
6 7 124 1.30345
6 7 125 1.30345
6 7 126 1.30345
6 7 127 1.30345
7 2 0 1.07745
7 2 1 0.57714
7 2 2 -3.05341
7 2 3 0.488613
7 3 0 2.88205
7 3 1 1.93014
7 3 2 -0.787666
7 3 3 -1.17808
7 3 4 -0.0874631
7 3 5 0.286705
7 3 6 -1.80714
7 3 7 -3.19031
7 4 0 1.30208
7 4 1 2.10087
7 4 2 -0.708315
7 4 3 -0.457267
7 4 4 0.557198
7 4 5 -0.323057
7 4 6 -1.51126
7 4 7 -2.1129
7 4 8 1.4186
7 4 9 0.277057
7 4 10 -2.06589
7 4 11 -0.965549
7 4 12 -0.447619
7 4 13 -0.156885
7 4 14 -2.2783
7 4 15 -0.892536
7 5 0 3.74516
7 5 1 -0.483537
7 5 2 -0.483987
7 5 3 -2.68775
7 5 4 1.42296
7 5 5 0.554097
7 5 6 -1.16617
7 5 7 -0.247382
7 5 8 1.56596
7 5 9 1.18914
7 5 10 -0.884391
7 5 11 -0.727549
7 5 12 1.45114
7 5 13 0.28428
7 5 14 -1.11089
7 5 15 -0.247382
7 5 16 1.59412
7 5 17 1.23799
7 5 18 -0.123009
7 5 19 -1.27078
7 5 20 0.371044
7 5 21 -0.625724
7 5 22 -0.730038
7 5 23 0.112963
7 5 24 1.38571
7 5 25 0.761511
7 5 26 -0.947926
7 5 27 0.576087
7 5 28 -0.247382
7 5 29 -0.152272
7 5 30 -2.67941
7 5 31 -0.247382
7 6 0 0.598028
7 6 1 0.598028
7 6 2 0.115834
7 6 3 0.598028
7 6 4 2.295
7 6 5 2.19107
7 6 6 -0.383803
7 6 7 0.598028
7 6 8 1.75263
7 6 9 2.76389
7 6 10 0.254222
7 6 11 2.64811
7 6 12 0.444118
7 6 13 1.19444
7 6 14 0.0696081
7 6 15 0.598028
7 6 16 0.598028
7 6 17 4.87556
7 6 18 0.820883
7 6 19 1.30446
7 6 20 0.178571
7 6 21 0.469318
7 6 22 -0.143107
7 6 23 0.598028
7 6 24 0.598028
7 6 25 2.0851
7 6 26 0.412279
7 6 27 0.222321
7 6 28 0.598028
7 6 29 0.598028
7 6 30 0.598028
7 6 31 0.598028
7 6 32 0.598028
7 6 33 0.598028
7 6 34 1.02105
7 6 35 0.598028
7 6 36 3.54605
7 6 37 0.94375
7 6 38 -1.04899
7 6 39 0.598028
7 6 40 0.598028
7 6 41 0.716666
7 6 42 -0.611282
7 6 43 1.33263
7 6 44 -2.19016
7 6 45 0.908667
7 6 46 0.598028
7 6 47 0.598028
7 6 48 0.598028
7 6 49 0.598028
7 6 50 0.31
7 6 51 0.598028
7 6 52 0.598028
7 6 53 1.70102
7 6 54 0.819784
7 6 55 0.598028
7 6 56 0.598028
7 6 57 0.598028
7 6 58 -1.495
7 6 59 0.598028
7 6 60 0.598028
7 6 61 0.598028
7 6 62 0.598028
7 6 63 0.598028
7 7 0 -0.937115
7 7 1 -0.937115
7 7 2 -0.937115
7 7 3 -0.937115
7 7 4 -0.937115
7 7 5 -0.937115
7 7 6 -0.937115
7 7 7 -0.937115
7 7 8 -0.937115
7 7 9 4.05556
7 7 10 -2.6402
7 7 11 -0.937115
7 7 12 -0.937115
7 7 13 -0.937115
7 7 14 -0.937115
7 7 15 -0.937115
7 7 16 -0.937115
7 7 17 -1.78625
7 7 18 0.617549
7 7 19 -0.0696429
7 7 20 1.47333
7 7 21 0.6925
7 7 22 -0.612216
7 7 23 -0.937115
7 7 24 -0.937115
7 7 25 1.78605
7 7 26 0.517213
7 7 27 -0.937115
7 7 28 -0.937115
7 7 29 -0.937115
7 7 30 -0.937115
7 7 31 -0.937115
7 7 32 -0.937115
7 7 33 -0.937115
7 7 34 -0.819672
7 7 35 -0.937115
7 7 36 0.752217
7 7 37 -1.24219
7 7 38 -1.19214
7 7 39 -0.937115
7 7 40 -4.27963
7 7 41 0.715962
7 7 42 -1.50081
7 7 43 -0.276389
7 7 44 -2.48095
7 7 45 -1.82721
7 7 46 -0.937115
7 7 47 -0.937115
7 7 48 -0.937115
7 7 49 -0.45
7 7 50 -0.971241
7 7 51 0.255
7 7 52 -0.173864
7 7 53 -0.857353
7 7 54 -0.755555
7 7 55 -0.937115
7 7 56 -0.937115
7 7 57 -0.937115
7 7 58 -0.937115
7 7 59 -0.937115
7 7 60 -0.937115
7 7 61 -0.937115
7 7 62 -0.937115
7 7 63 -0.937115
7 7 64 -0.937115
7 7 65 -0.937115
7 7 66 -0.937115
7 7 67 -0.937115
7 7 68 -0.937115
7 7 69 -0.937115
7 7 70 -0.937115
7 7 71 -0.937115
7 7 72 -0.937115
7 7 73 -5.18095
7 7 74 -1.2057
7 7 75 -0.937115
7 7 76 -0.937115
7 7 77 -0.937115
7 7 78 -0.937115
7 7 79 -0.937115
7 7 80 -0.937115
7 7 81 -3.85
7 7 82 -3.13029
7 7 83 4.3
7 7 84 -3.43623
7 7 85 -1.39891
7 7 86 -1.11133
7 7 87 -0.937115
7 7 88 -0.937115
7 7 89 -0.937115
7 7 90 -1.96402
7 7 91 -0.937115
7 7 92 -0.937115
7 7 93 -0.937115
7 7 94 -0.937115
7 7 95 -0.937115
7 7 96 -0.937115
7 7 97 -0.937115
7 7 98 -0.937115
7 7 99 -0.937115
7 7 100 -0.937115
7 7 101 -0.937115
7 7 102 -0.937115
7 7 103 -0.937115
7 7 104 -0.937115
7 7 105 -0.937115
7 7 106 -2.66938
7 7 107 -0.937115
7 7 108 -0.937115
7 7 109 -0.937115
7 7 110 -0.937115
7 7 111 -0.937115
7 7 112 -0.937115
7 7 113 -0.937115
7 7 114 -0.937115
7 7 115 -0.937115
7 7 116 -0.937115
7 7 117 -0.937115
7 7 118 -0.937115
7 7 119 -0.937115
7 7 120 -0.937115
7 7 121 -0.937115
7 7 122 -0.937115
7 7 123 -0.937115
7 7 124 -0.937115
7 7 125 -0.937115
7 7 126 -0.937115
7 7 127 -0.937115
